0	1	1	1
0.05	1.29133	2.39301	0.99428
0.1	2.13339	4.45959	1.1734
0.15	3.72945	7.93509	1.91322
0.2	6.51818	13.6516	4.33831
0.25	10.9765	21.5596	11.2979
0.3	16.4988	26.6553	26.6419
0.35	19.0849	17.8229	44.434
0.4	14.7911	0.448399	47.6948
0.45	6.92673	-8.47945	40.835
0.5	0.426993	-9.86364	35.4373
0.55	-3.4523	-8.92775	32.8402
0.6	-5.32227	-7.59795	31.4881
0.65	-5.95488	-6.41323	30.3869
0.7	-5.94323	-5.57707	29.1909
0.75	-5.69452	-5.15069	27.8898
0.8	-5.45952	-5.1081	26.5868
0.85	-5.37188	-5.39221	25.3999
0.9	-5.49049	-5.95013	24.4399
0.95	-5.83215	-6.73628	23.8165
1	-6.38702	-7.69005	23.6444
1.05	-7.11543	-8.69837	24.0309
1.1	-7.93098	-9.56102	25.0278
1.15	-8.6842	-9.99995	26.5423
1.2	-9.17606	-9.76691	28.2564
1.25	-9.22886	-8.8317	29.6753
1.3	-8.79076	-7.47867	30.3645
1.35	-7.98461	-6.1525	30.1916
1.4	-7.04383	-5.18914	29.3313
1.45	-6.19465	-4.69991	28.0804
1.5	-5.58167	-4.64261	26.7018
1.55	-5.26422	-4.934	25.3836
1.6	-5.24863	-5.51034	24.2638
1.65	-5.51949	-6.33323	23.4638
1.7	-6.05334	-7.36306	23.1118
1.75	-6.81221	-8.51382	23.3437
1.8	-7.71966	-9.60045	24.2663
1.85	-8.62992	-10.3154	25.8604
1.9	-9.31973	-10.3113	27.8503
1.95	-9.54887	-9.43086	29.6794
2	-9.19221	-7.91634	30.7506
2.05	-8.34146	-6.30618	30.7917
2.1	-7.26087	-5.07083	29.9577
2.15	-6.23612	-4.3901	28.6069
2.2	-5.45845	-4.21813	27.0655
2.25	-5.00707	-4.44243	25.5545
2.3	-4.8899	-4.97807	24.2207
2.35	-5.08807	-5.78475	23.1844
2.4	-5.57975	-6.84186	22.574
2.45	-6.33961	-8.10114	22.5426
2.5	-7.31579	-9.42109	23.2514
2.55	-8.38905	-10.5033	24.7866
2.6	-9.33658	-10.9101	26.9923
2.65	-9.85725	-10.2835	29.3254
2.7	-9.71097	-8.70088	31.0015
2.75	-8.89814	-6.75128	31.4843
2.8	-7.68662	-5.11225	30.8146
2.85	-6.43991	-4.11781	29.412
2.9	-5.42953	-3.74824	27.705
2.95	-4.77703	-3.85083	25.9765
3	-4.49833	-4.29898	24.3922
3.05	-4.56777	-5.03476	23.0682
3.1	-4.95861	-6.04928	22.1213
3.15	-5.65391	-7.33824	21.7011
3.2	-6.6313	-8.836	22.0008
3.25	-7.82204	-10.3242	23.217
3.3	-9.05071	-11.3568	25.4017
3.35	-9.9988	-11.355	28.2037
3.4	-10.2887	-10.0237	30.756
3.45	-9.72307	-7.78805	32.1092
3.5	-8.47395	-5.56385	31.9391
3.55	-6.9742	-4.02364	30.638
3.6	-5.63261	-3.28747	28.7965
3.65	-4.6682	-3.16832	26.8308
3.7	-4.12978	-3.46197	24.9593
3.75	-3.9851	-4.05745	23.3004
3.8	-4.19073	-4.93211	21.9493
3.85	-4.72324	-6.1112	21.0246
3.9	-5.57928	-7.61425	20.7015
3.95	-6.74925	-9.37291	21.2254
4	-8.15923	-11.1038	22.859
4.05	-9.58463	-12.1994	25.6622
4.1	-10.6023	-11.8925	29.1053
4.15	-10.7353	-9.91915	31.9667
4.2	-9.81354	-7.06439	33.1108
4.25	-8.17283	-4.56281	32.4303
4.3	-6.39814	-3.05795	30.6365
4.35	-4.93437	-2.47276	28.4455
4.4	-3.95426	-2.48724	26.2493
4.45	-3.44761	-2.86065	24.2127
4.5	-3.34387	-3.49402	22.4144
4.55	-3.58512	-4.39228	20.9248
4.6	-4.15162	-5.61593	19.8484
4.65	-5.0586	-7.23235	19.362
4.7	-6.32996	-9.23597	19.7502
4.75	-7.93585	-11.3925	21.3892
4.8	-9.67769	-13.0279	24.5336
4.85	-11.0718	-13.0674	28.7671
4.9	-11.4542	-10.8677	32.5823
4.95	-10.4775	-7.29521	34.2778
5	-8.51168	-4.10441	33.5699
5.05	-6.33532	-2.23545	31.4606
5.1	-4.54229	-1.53203	28.9329
5.15	-3.33758	-1.5077	26.4532
5.2	-2.67702	-1.82055	24.1671
5.25	-2.44373	-2.33211	22.1152
5.3	-2.54354	-3.03878	20.3249
5.35	-2.93558	-4.01243	18.846
5.4	-3.63328	-5.36706	17.7805
5.45	-4.6933	-7.22651	17.3306
5.5	-6.18754	-9.64125	17.8631
5.55	-8.12774	-12.371	19.9316
5.6	-10.2965	-14.5105	24.0127
5.65	-12.0343	-14.432	29.6074
5.7	-12.3724	-11.1757	34.4283
5.75	-10.8708	-6.31722	36.0466
5.8	-8.20681	-2.49778	34.5738
5.85	-5.50348	-0.619645	31.7553
5.9	-3.43716	-0.0822085	28.7944
5.95	-2.11966	-0.143349	26.0651
6	-1.39383	-0.395514	23.6054
6.05	-1.06509	-0.696783	21.3898
6.1	-0.991591	-1.03797	19.3958
6.15	-1.09754	-1.46681	17.6114
6.2	-1.36267	-2.06187	16.0376
6.25	-1.81221	-2.93414	14.6985
6.3	-2.51439	-4.24061	13.6661
6.35	-3.5843	-6.19384	13.1174
6.4	-5.18226	-9.02425	13.4492
6.45	-7.46688	-12.7645	15.4522
6.5	-10.3959	-16.5932	20.2992
6.55	-13.2545	-17.914	28.3672
6.6	-14.3799	-13.777	36.5153
6.65	-12.521	-6.08098	39.5329
6.7	-8.62857	-0.213971	37.27
6.75	-4.70918	2.20892	33.3672
6.8	-1.84851	2.6871	29.8159
6.85	-0.0801595	2.59038	26.8683
6.9	0.950873	2.53293	24.3707
6.95	1.60185	2.71652	22.2133
7	2.13269	3.20446	20.3625
7.05	2.7205	4.04721	18.8416
7.1	3.49829	5.32476	17.7385
7.15	4.58388	7.13812	17.2442
7.2	6.08097	9.53263	17.7165
7.25	8.02299	12.2835	19.709
7.3	10.2152	14.513	23.7297
7.35	12.0168	14.5813	29.3562
7.4	12.4441	11.4172	34.3388
7.45	11.0019	6.50505	36.1356
7.5	8.33437	2.56335	34.7405
7.55	5.58623	0.597314	31.9198
7.6	3.46898	0.0207837	28.9349
7.65	2.11129	0.0675437	26.1833
7.7	1.357	0.310428	23.7056
7.75	1.00652	0.597455	21.4742
7.8	0.912194	0.914125	19.4643
7.85	0.992857	1.30356	17.6615
7.9	1.22289	1.83805	16.0627
7.95	1.62118	2.61931	14.6836
8	2.24782	3.79227	13.5789
8.05	3.20836	5.55965	12.8892
8.1	4.65735	8.16645	12.94
8.15	6.772	11.7528	14.4145
8.2	9.60712	15.8261	18.4643
8.25	12.6793	18.2407	25.9696
8.3	14.4877	15.5638	34.8728
8.35	13.3783	8.04646	39.627
8.4	9.72235	1.18105	38.3244
8.45	5.56296	-2.06035	34.4587
8.5	2.34411	-2.85529	30.7188
8.55	0.298544	-2.80901	27.6302
8.6	-0.897973	-2.71553	25.0482
8.65	-1.6308	-2.84889	22.8353
8.7	-2.19217	-3.29029	20.9418
8.75	-2.78054	-4.08661	19.3837
8.8	-3.5385	-5.30667	18.2419
8.85	-4.58469	-7.03822	17.6945
8.9	-6.01883	-9.31854	18.0722
8.95	-7.87334	-11.9417	19.882
9	-9.97381	-14.118	23.5957
9.05	-11.7426	-14.3571	28.8767
9.1	-12.2705	-11.5859	33.7384
9.15	-11.0371	-6.98564	35.7517
9.2	-8.56037	-3.08139	34.6617
9.25	-5.90635	-1.00998	32.0279
9.3	-3.80393	-0.339622	29.119
9.35	-2.42996	-0.348791	26.3931
9.4	-1.66201	-0.603711	23.9251
9.45	-1.31654	-0.941717	21.7013
9.5	-1.25316	-1.34663	19.7047
9.55	-1.3966	-1.86988	17.9295
9.6	-1.73007	-2.60127	16.3879
9.65	-2.28653	-3.66826	15.1255
9.7	-3.14572	-5.24421	14.258
9.75	-4.43292	-7.53738	14.0474
9.8	-6.298	-10.6874	15.0335
9.85	-8.81227	-14.3936	18.1401
9.9	-11.6675	-17.1367	24.25
9.95	-13.7469	-16.0394	32.3271
10	-13.4944	-10.1322	38.0234
10.05	-10.6739	-3.34	38.2733
10.1	-6.83974	0.631692	35.1241
10.15	-3.55607	1.95525	31.4451
10.2	-1.33881	2.09308	28.2232
10.25	-0.0154532	1.97104	25.4784
10.3	0.755717	1.95771	23.0919
10.35	1.26394	2.16665	20.9947
10.4	1.71008	2.64175	19.1667
10.45	2.23407	3.43913	17.6266
10.5	2.95136	4.65706	16.4457
10.55	3.98013	6.43534	15.7906
10.6	5.44816	8.90304	16.0037
10.65	7.45112	11.9888	17.6946
10.7	9.89851	14.9668	21.6403
10.75	12.211	15.9845	27.9244
10.8	13.2084	13.0988	34.3518
10.85	11.9728	7.34886	37.3357
10.9	9.01875	2.33792	36.1561
10.95	5.77374	-0.200803	33.0445
11	3.22365	-0.9501	29.765
11.05	1.56925	-0.952375	26.8246
11.1	0.612477	-0.789471	24.2284
11.15	0.0886507	-0.678868	21.9115
11.2	-0.207903	-0.6746	19.8288
11.25	-0.410397	-0.783573	17.9527
11.3	-0.601947	-1.01593	16.2659
11.35	-0.841482	-1.40517	14.7593
11.4	-1.18506	-2.02004	13.4367
11.45	-1.70374	-2.97878	12.3283
11.5	-2.50109	-4.46797	11.5245
11.55	-3.73047	-6.7534	11.2534
11.6	-5.59852	-10.1207	12.0467
11.65	-8.29501	-14.5346	14.9872
11.7	-11.6802	-18.6141	21.5799
11.75	-14.5989	-18.5575	31.6028
11.8	-14.8572	-11.6753	39.6666
11.85	-11.6565	-2.80568	40.4705
11.9	-6.95506	2.25416	36.6429
11.95	-2.93657	3.73439	32.4459
12	-0.280634	3.78456	29.0916
12.05	1.28049	3.62659	26.4255
12.1	2.20634	3.69565	24.2205
12.15	2.86726	4.11	22.3877
12.2	3.51173	4.90492	20.9395
12.25	4.30236	6.1116	19.9673
12.3	5.34903	7.74991	19.6556
12.35	6.71051	9.74647	20.2985
12.4	8.3444	11.7659	22.2457
12.45	10.0021	13.0347	25.6173
12.5	11.1579	12.5378	29.7473
12.55	11.2086	9.97444	33.0245
12.6	9.98341	6.49683	34.0664
12.65	7.97609	3.69022	32.9733
12.7	5.92619	2.17179	30.7736
12.75	4.3171	1.6727	28.2949
12.8	3.2803	1.75019	25.901
12.85	2.75183	2.12766	23.7075
12.9	2.62417	2.70926	21.7554
12.95	2.82107	3.51417	20.0835
13	3.31886	4.62555	18.7619
13.05	4.14357	6.15697	17.9282
13.1	5.35415	8.2032	17.8401
13.15	6.99902	10.7135	18.9269
13.2	9.00927	13.2169	21.7233
13.25	11.0075	14.5214	26.3843
13.3	12.1957	13.1508	31.7132
13.35	11.7706	9.13562	35.1904
13.4	9.762	4.69816	35.3866
13.45	7.09257	1.80111	33.277
13.5	4.70781	0.588704	30.4192
13.55	3.01739	0.358991	27.6017
13.6	2.00244	0.536349	25.0246
13.65	1.49115	0.8524	22.6986
13.7	1.32038	1.23844	20.6067
13.75	1.38752	1.72278	18.7396
13.8	1.65269	2.38198	17.1031
13.85	2.12978	3.32967	15.7303
13.9	2.88075	4.72211	14.7097
13.95	4.01397	6.75624	14.2458
14	5.67219	9.60688	14.7702
14.05	7.96502	13.1673	17.072
14.1	10.7457	16.4024	22.1289
14.15	13.192	16.7867	29.765
14.2	13.7851	12.2822	36.6073
14.25	11.715	5.36441	38.5531
14.3	8.06841	0.434146	36.1744
14.35	4.56108	-1.5687	32.5282
14.4	2.03494	-1.96167	29.1573
14.45	0.478873	-1.86581	26.2746
14.5	-0.421102	-1.78726	23.7758
14.55	-0.972881	-1.8935	21.576
14.6	-1.39892	-2.2364	19.6396
14.65	-1.85038	-2.85965	17.9669
14.7	-2.44279	-3.8423	16.5973
14.75	-3.28768	-5.31222	15.6382
14.8	-4.51131	-7.4292	15.3268
14.85	-6.24479	-10.2864	16.1326
14.9	-8.5396	-13.6008	18.8239
14.95	-11.1274	-16.1128	24.1089
15	-13.0883	-15.4798	31.199
15.05	-13.1062	-10.6726	36.6399
15.1	-10.8235	-4.57402	37.5184
15.15	-7.42513	-0.571001	35.0006
15.2	-4.33286	0.993923	31.5837
15.25	-2.1532	1.27314	28.4017
15.3	-0.826836	1.15495	25.6158
15.35	-0.0770195	1.03363	23.1567
15.4	0.354305	1.03404	20.9609
15.45	0.648195	1.18618	18.993
15.5	0.922164	1.50979	17.2359
15.55	1.25984	2.04988	15.6875
15.6	1.73836	2.89464	14.3697
15.65	2.4511	4.18988	13.3526
15.7	3.52611	6.14676	12.8118
15.75	5.1331	9.00372	13.1461
15.8	7.44139	12.8095	15.1615
15.85	10.4204	16.7471	20.0781
15.9	13.3502	18.1464	28.3346
15.95	14.5136	13.9062	36.7109
16	12.6044	5.9855	39.7755
16.05	8.61202	0.00143388	37.4125
16.1	4.61294	-2.42362	33.4327
16.15	1.71056	-2.87927	29.8603
16.2	-0.0764558	-2.77301	26.9207
16.25	-1.1189	-2.72394	24.4437
16.3	-1.78369	-2.9324	22.3153
16.35	-2.33603	-3.46083	20.5048
16.4	-2.95607	-4.35914	19.0438
16.45	-3.77792	-5.70345	18.0339
16.5	-4.91636	-7.57871	17.6872
16.55	-6.46131	-9.98423	18.3818
16.6	-8.40923	-12.5987	20.6535
16.65	-10.4981	-14.4323	24.8642
16.7	-12.034	-13.9272	30.2907
16.75	-12.1172	-10.4654	34.5944
16.8	-10.4723	-5.82314	35.7158
16.85	-7.8494	-2.36979	34.0591
16.9	-5.29323	-0.734544	31.27
16.95	-3.38038	-0.301015	28.3882
17	-2.1809	-0.402369	25.7286
17.05	-1.53939	-0.686658	23.326
17.1	-1.27802	-1.04009	21.1625
17.15	-1.2731	-1.46928	19.2233
17.2	-1.46553	-2.03691	17.5068
17.25	-1.85211	-2.84198	16.0315
17.3	-2.47803	-4.02324	14.8568
17.35	-3.43521	-5.76602	14.1269
17.4	-4.85908	-8.27736	14.1619
17.45	-6.89462	-11.6342	15.5984
17.5	-9.5534	-15.3036	19.4344
17.55	-12.3506	-17.3358	26.2975
17.6	-13.9526	-14.8746	34.2528
17.65	-12.9625	-8.22735	38.603
17.7	-9.69124	-1.98243	37.6313
17.75	-5.89035	1.1693	34.1431
17.8	-2.87542	2.05324	30.5511
17.85	-0.922119	2.06229	27.4652
17.9	0.224205	1.94799	24.8239
17.95	0.902402	1.98653	22.5171
18	1.37792	2.26067	20.4903
18.05	1.83211	2.81238	18.7336
18.1	2.39513	3.70717	17.2769
18.15	3.18106	5.0555	16.2107
18.2	4.31114	7.00297	15.7377
18.25	5.91202	9.65389	16.2624
18.3	8.05259	12.8235	18.4655
18.35	10.5488	15.5184	23.0744
18.4	12.6503	15.6503	29.7218
18.45	13.1137	11.7543	35.5645
18.5	11.322	5.85313	37.3664
18.55	8.15309	1.44418	35.4425
18.6	5.027	-0.521899	32.1779
18.65	2.71231	-0.993919	28.9697
18.7	1.26335	-0.916404	26.1239
18.75	0.442054	-0.755974	23.6056
18.8	-0.00688928	-0.671672	21.3526
18.85	-0.269508	-0.697655	19.3255
18.9	-0.463623	-0.838765	17.5
18.95	-0.663955	-1.11018	15.8607
19	-0.927115	-1.55389	14.4014
19.05	-1.31182	-2.25067	13.1314
19.1	-1.89646	-3.33565	12.0932
19.15	-2.79684	-5.01727	11.4048
19.2	-4.18202	-7.57838	11.358
19.25	-6.26657	-11.2693	12.6129
19.3	-9.19531	-15.8176	16.426
19.35	-12.6226	-19.2028	24.1681
19.4	-15.0178	-17.2504	34.3805
19.45	-14.2572	-9.05322	40.6273
19.5	-10.3771	-0.939009	39.6199
19.55	-5.71319	2.91011	35.4007
19.6	-2.07029	3.80391	31.419
19.65	0.233541	3.71903	28.2849
19.7	1.57203	3.60123	25.762
19.75	2.39176	3.76044	23.6619
19.8	3.02691	4.27714	21.9283
19.85	3.69762	5.18235	20.5958
19.9	4.54957	6.5086	19.7791
19.95	5.68062	8.26305	19.6923
20	7.13008	10.3221	20.658
20.05	8.81185	12.2427	23.0084
20.1	10.4021	13.1321	26.7119
20.15	11.3141	12.0415	30.8108
20.2	11.0047	9.05039	33.578
20.25	9.4897	5.60851	33.9661
20.3	7.39351	3.13288	32.4565
20.35	5.42497	1.93481	30.1126
20.4	3.96571	1.63208	27.6296
20.45	3.07486	1.80983	25.2794
20.5	2.66364	2.2448	23.1442
20.55	2.62762	2.87872	21.2592
20.6	2.90361	3.75218	19.6677
20.65	3.48205	4.96007	18.4529
20.7	4.40036	6.61876	17.7771
20.75	5.72168	8.80449	17.9391
20.8	7.47952	11.3938	19.414
20.85	9.54798	13.7503	22.7166
20.9	11.4398	14.5029	27.7585
20.95	12.2805	12.3441	32.8969
21	11.4005	7.93824	35.5853
21.05	9.10571	3.7564	35.0299
21.1	6.42383	1.3255	32.5921
21.15	4.18983	0.434277	29.6918
21.2	2.67825	0.350635	26.923
21.25	1.80599	0.577215	24.4072
21.3	1.39165	0.90787	22.139
21.35	1.2841	1.3056	20.1011
21.4	1.39623	1.81282	18.2862
21.45	1.70155	2.514	16.7038
21.5	2.225	3.53076	15.3942
21.55	3.03879	5.02909	14.4614
21.6	4.26104	7.21256	14.1424
21.65	6.03886	10.2371	14.9301
21.7	8.4611	13.8886	17.6922
21.75	11.2909	16.8574	23.3632
21.8	13.535	16.392	31.289
21.85	13.6369	11.0319	37.4933
21.9	11.1124	4.14708	38.4197
21.95	7.34111	-0.214177	35.5525
22	3.96311	-1.7969	31.8757
22.05	1.62403	-2.02699	28.5926
22.1	0.211548	-1.90972	25.7922
22.15	-0.606823	-1.86571	23.3592
22.2	-1.12787	-2.0279	21.2181
22.25	-1.56047	-2.44203	19.3419
22.3	-2.04823	-3.15827	17.7406
22.35	-2.70586	-4.26681	16.4697
22.4	-3.6486	-5.90434	15.667
22.45	-5.00526	-8.22031	15.6249
22.5	-6.89279	-11.2325	16.8934
22.55	-9.29533	-14.4336	20.2735
22.6	-11.7804	-16.2105	26.1956
22.65	-13.2539	-14.3055	33.0901
22.7	-12.5598	-8.8036	37.2278
22.75	-9.83697	-3.21007	36.8627
22.8	-6.47274	-0.0461746	33.9301
22.85	-3.66763	1.02044	30.5664
22.9	-1.7847	1.12284	27.5188
22.95	-0.671556	0.974786	24.8411
23	-0.051807	0.863917	22.4628
23.05	0.304928	0.871761	20.3311
23.1	0.553228	1.01508	18.4159
23.15	0.791928	1.31022	16.7005
23.2	1.09238	1.79973	15.1805
23.25	1.52293	2.56731	13.8707
23.3	2.16944	3.75287	12.8261
23.35	3.15376	5.56647	12.1912
23.4	4.6458	8.27191	12.3076
23.45	6.84054	12.0293	13.9075
23.5	9.803	16.3111	18.2475
23.55	13.006	18.7494	26.2827
23.6	14.8003	15.6057	35.6402
23.65	13.4443	7.47257	40.2437
23.7	9.48993	0.459274	38.4933
23.75	5.16708	-2.62955	34.3983
23.8	1.91119	-3.29107	30.6345
23.85	-0.122731	-3.19752	27.5967
23.9	-1.30786	-3.11912	25.0867
23.95	-2.04893	-3.30825	22.9593
24	-2.64415	-3.83684	21.1733
24.05	-3.2933	-4.74745	19.7624
24.1	-4.13717	-6.09782	18.8366
24.15	-5.28418	-7.93817	18.6136
24.2	-6.80144	-10.2076	19.4549
24.25	-8.64377	-12.512	21.8101
24.3	-10.5083	-13.8749	25.8442
24.35	-11.7345	-13.0162	30.6679
24.4	-11.5932	-9.71391	34.1943
24.45	-9.97577	-5.64429	34.9012
24.5	-7.5911	-2.68663	33.2823
24.55	-5.31727	-1.27889	30.6935
24.6	-3.62655	-0.913695	27.9916
24.65	-2.57864	-1.05148	25.466
24.7	-2.04921	-1.40632	23.1737
24.75	-1.89645	-1.89403	21.1201
24.8	-2.0275	-2.54175	19.3145
24.85	-2.4107	-3.43691	17.789
24.9	-3.07052	-4.70851	16.6233
24.95	-4.07936	-6.51381	15.9907
25	-5.54077	-8.98385	16.2379
25.05	-7.53299	-12.033	17.9704
25.1	-9.94705	-14.9145	21.9324
25.15	-12.1909	-15.7977	28.135
25.2	-13.1071	-12.8621	34.3617
25.25	-11.839	-7.22706	37.1713
25.3	-8.92395	-2.37133	35.9595
25.35	-5.74938	0.0853539	32.8909
25.4	-3.26032	0.812048	29.6527
25.45	-1.64692	0.809612	26.736
25.5	-0.717351	0.637526	24.1523
25.55	-0.216291	0.504381	21.842
25.6	0.0538259	0.459159	19.7619
25.65	0.219146	0.502349	17.8846
25.7	0.355137	0.633338	16.1904
25.75	0.510449	0.86778	14.6651
25.8	0.725745	1.24589	13.3003
25.85	1.04842	1.84209	12.0992
25.9	1.54653	2.78091	11.0892
25.95	2.32516	4.26008	10.3552
26	3.54533	6.56956	10.1198
26.05	5.43307	10.0457	10.9217
26.1	8.21704	14.7343	13.914
26.15	11.8048	19.2611	20.8309
26.2	14.9929	19.4103	31.6855
26.25	15.3194	11.9065	40.5134
26.3	11.8438	2.23226	41.2282
26.35	6.77677	-3.06231	37.0141
26.4	2.5217	-4.47219	32.6625
26.45	-0.241621	-4.43639	29.3406
26.5	-1.84352	-4.23808	26.7805
26.55	-2.78685	-4.30459	24.7091
26.6	-3.46263	-4.73821	23.0307
26.65	-4.12497	-5.55458	21.7657
26.7	-4.92995	-6.75313	21.0169
26.75	-5.96637	-8.29857	20.9668
26.8	-7.25237	-10.0349	21.8634
26.85	-8.68822	-11.556	23.9111
26.9	-9.98837	-12.1658	26.9807
26.95	-10.6974	-11.2212	30.2696
27	-10.429	-8.84321	32.5043
27.05	-9.20788	-6.07344	32.906
27.1	-7.49539	-3.96819	31.7451
27.15	-5.84058	-2.8581	29.7809
27.2	-4.57798	-2.5358	27.5973
27.25	-3.79846	-2.70492	25.4812
27.3	-3.46223	-3.18525	23.5561
27.35	-3.50231	-3.92354	21.8961
27.4	-3.8763	-4.94881	20.5845
27.45	-4.57906	-6.32526	19.7535
27.5	-5.63034	-8.094	19.6211
27.55	-7.03536	-10.1658	20.5107
27.6	-8.70188	-12.1371	22.7678
27.65	-10.3169	-13.1448	26.4101
27.7	-11.3007	-12.2082	30.5543
27.75	-11.0839	-9.30151	33.4799
27.8	-9.63135	-5.81966	34.0353
27.85	-7.54183	-3.2448	32.616
27.9	-5.54031	-1.96429	30.2938
27.95	-4.03623	-1.61462	27.8022
28	-3.10516	-1.76841	25.4345
28.05	-2.66225	-2.1875	23.2791
28.1	-2.60072	-2.80415	21.3712
28.15	-2.85317	-3.65381	19.7518
28.2	-3.40608	-4.82885	18.4988
28.25	-4.29409	-6.44644	17.7659
28.3	-5.58054	-8.59216	17.8379
28.35	-7.30651	-11.1718	19.1781
28.4	-9.36859	-13.6076	22.3195
28.45	-11.3167	-14.5752	27.2722
28.5	-12.2917	-12.6745	32.5368
28.55	-11.562	-8.34873	35.5254
28.6	-9.3414	-4.03543	35.2092
28.65	-6.63938	-1.43503	32.854
28.7	-4.33915	-0.439873	29.9498
28.75	-2.7601	-0.311848	27.1552
28.8	-1.83638	-0.52201	24.6134
28.85	-1.38625	-0.842666	22.3214
28.9	-1.25239	-1.22606	20.2607
28.95	-1.34096	-1.70899	18.4218
29	-1.61947	-2.3713	16.8109
29.05	-2.10727	-3.32903	15.4616
29.1	-2.87079	-4.74205	14.4647
29.15	-4.02294	-6.81282	14.0301
29.2	-5.71149	-9.7211	14.6041
29.25	-8.04885	-13.3514	17.0049
29.3	-10.8778	-16.613	22.2392
29.35	-13.334	-16.8712	30.0727
29.4	-13.8494	-12.1071	36.9337
29.45	-11.6483	-5.04776	38.6888
29.5	-7.90967	-0.16492	36.1427
29.55	-4.37779	1.75177	32.4408
29.6	-1.86316	2.09826	29.0711
29.65	-0.323738	1.99425	26.2053
29.7	0.568512	1.93186	23.7272
29.75	1.12577	2.07152	21.5517
29.8	1.57186	2.465	19.6466
29.85	2.05975	3.16021	18.0189
29.9	2.7082	4.24213	16.7216
29.95	3.63258	5.84111	15.8867
30	4.95937	8.10133	15.7947
30.05	6.80361	11.045	16.9724
30.1	9.15601	14.202	20.1919
30.15	11.6147	16.051	25.9028
30.2	13.1387	14.3883	32.6891
30.25	12.5774	9.12146	36.9666
30.3	9.98441	3.55266	36.836
30.35	6.67679	0.287623	34.0346
30.4	3.86666	-0.86455	30.7037
30.45	1.95759	-1.00273	27.6514
30.5	0.82278	-0.854379	24.9605
30.55	0.195099	-0.720889	22.5674
30.6	-0.153756	-0.688483	20.4197
30.65	-0.377274	-0.771078	18.486
30.7	-0.571183	-0.976092	16.7465
30.75	-0.800111	-1.33073	15.1903
30.8	-1.1206	-1.89511	13.8179
30.85	-1.59998	-2.77564	12.6529
30.9	-2.33398	-4.14283	11.7698
30.95	-3.46441	-6.24549	11.3608
31	-5.18741	-9.37388	11.8788
31.05	-7.7061	-13.6021	14.2762
31.1	-10.9852	-17.9293	20.0295
31.15	-14.1274	-19.0214	29.5492
31.2	-15.051	-13.3991	38.5137
31.25	-12.4642	-4.3897	40.7644
31.3	-7.88641	1.52978	37.4691
31.35	-3.65982	3.53705	33.1872
31.4	-0.754311	3.74629	29.6661
31.45	0.980075	3.58244	26.8784
31.5	1.99482	3.59147	24.5817
31.55	2.68204	3.93005	22.6627
31.6	3.31099	4.64164	21.1158
31.65	4.05805	5.75907	20.0148
31.7	5.04361	7.31339	19.522
31.75	6.34237	9.26963	19.9111
31.8	7.94577	11.3742	21.5438
31.85	9.66389	12.9508	24.6522
31.9	11.0235	12.9517	28.805
31.95	11.3819	10.7738	32.5216
32	10.4119	7.27593	34.1613
32.05	8.48014	4.15546	33.4589
32.1	6.34477	2.32118	31.3832
32.15	4.58425	1.62714	28.8887
32.2	3.40098	1.60527	26.435
32.25	2.75491	1.92404	24.1706
32.3	2.53424	2.44895	22.1403
32.35	2.64881	3.17778	20.3757
32.4	3.06048	4.18266	18.9319
32.45	3.78406	5.57581	17.9197
32.5	4.87516	7.47256	17.5533
32.55	6.39857	9.89822	18.2123
32.6	8.34584	12.5583	20.4423
32.65	10.4616	14.4819	24.6409
32.7	12.0544	14.0805	30.1391
32.75	12.1992	10.6455	34.5907
32.8	10.5783	5.92448	35.8301
32.85	7.93169	2.37163	34.2032
32.9	5.33	0.678108	31.3954
32.95	3.37486	0.221915	28.4881
33	2.14429	0.313921	25.8078
33.05	1.48037	0.587878	23.3886
33.1	1.19982	0.923031	21.2096
33.15	1.17359	1.32169	19.2534
33.2	1.33767	1.8419	17.5144
33.25	1.68366	2.57612	16.005
33.3	2.25058	3.65468	14.7711
33.35	3.12342	5.25619	13.931
33.4	4.43342	7.59729	13.7545
33.45	6.33749	10.8252	14.8024
33.5	8.91067	14.6247	18.0407
33.55	11.8277	17.3909	24.3869
33.6	13.9115	16.1076	32.6975
33.65	13.5535	9.89194	38.3746
33.7	10.5808	2.97428	38.4013
33.75	6.64952	-0.934968	35.0935
33.8	3.33963	-2.17742	31.3709
33.85	1.12956	-2.27824	28.1566
33.9	-0.183548	-2.15775	25.4344
33.95	-0.955058	-2.17236	23.0762
34	-1.47916	-2.43094	21.0147
34.05	-1.95934	-2.97916	19.2357
34.1	-2.53865	-3.87827	17.7703
34.15	-3.33641	-5.2303	16.7123
34.2	-4.47245	-7.16569	16.2685
34.25	-6.06407	-9.76077	16.8395
34.3	-8.16029	-12.7897	19.0722
34.35	-10.5523	-15.2469	23.5944
34.4	-12.4974	-15.1789	29.9204
34.45	-12.8452	-11.3795	35.3239
34.5	-11.0842	-5.82981	36.919
34.55	-8.06349	-1.69372	35.0653
34.6	-5.09502	0.180193	31.9297
34.65	-2.89093	0.643928	28.8044
34.7	-1.50962	0.562425	25.9998
34.75	-0.736147	0.370788	23.5012
34.8	-0.336518	0.216174	21.2576
34.85	-0.141665	0.121998	19.2328
34.9	-0.0496671	0.0747829	17.4021
34.95	-0.00533209	0.0578521	15.746
35	0.0194137	0.0604375	14.2476
35.05	0.0387984	0.0782766	12.8919
35.1	0.0609909	0.112583	11.6653
35.15	0.0925316	0.169764	10.5557
35.2	0.14121	0.262623	9.55238
35.25	0.218692	0.413563	8.64621
35.3	0.343951	0.660697	7.83052
35.35	0.548669	1.06861	7.1035
35.4	0.886246	1.74667	6.47497
35.45	1.44683	2.87915	5.98558
35.5	2.38131	4.76911	5.76003
35.55	3.93364	7.8768	6.15171
35.6	6.45467	12.7183	8.09614
35.65	10.2525	19.0643	13.6844
35.7	14.822	23.3661	25.4652
35.75	17.4079	18.0323	39.9202
35.8	14.8222	4.62415	45.1175
35.85	8.63498	-4.49506	40.6515
35.9	2.77572	-7.04933	35.2187
35.95	-1.10446	-6.93367	31.6528
36	-3.27027	-6.3442	29.3692
36.05	-4.38365	-5.94934	27.7084
36.1	-4.97417	-5.88801	26.3923
36.15	-5.37836	-6.14712	25.3608
36.2	-5.78464	-6.67265	24.6463
36.25	-6.28222	-7.3927	24.3179
36.3	-6.89124	-8.20527	24.4503
36.35	-7.57338	-8.95685	25.0864
36.4	-8.23312	-9.44129	26.1784
36.45	-8.72891	-9.45467	27.5287
36.5	-8.91571	-8.91067	28.7934
36.55	-8.71577	-7.93645	29.6061
36.6	-8.17265	-6.8317	29.7591
36.65	-7.43756	-5.90145	29.2829
36.7	-6.69667	-5.319	28.3689
36.75	-6.09954	-5.11605	27.2432
36.8	-5.73114	-5.24993	26.0966
36.85	-5.62188	-5.66447	25.0764
36.9	-5.76989	-6.31261	24.3047
36.95	-6.15611	-7.14676	23.8959
37	-6.74516	-8.09011	23.96
37.05	-7.47276	-9.00174	24.5789
37.1	-8.22707	-9.66025	25.7454
37.15	-8.84282	-9.81003	27.2816
37.2	-9.13562	-9.29813	28.8087
37.25	-8.98433	-8.22483	29.8705
37.3	-8.41115	-6.93552	30.1722
37.35	-7.58179	-5.81589	29.7181
37.4	-6.7186	-5.09281	28.7303
37.45	-6.00444	-4.80665	27.4787
37.5	-5.542	-4.90016	26.1831
37.55	-5.36623	-5.30284	25.0038
37.6	-5.47447	-5.96412	24.0681
37.65	-5.84842	-6.84496	23.4965
37.7	-6.45855	-7.88546	23.4149
37.75	-7.25083	-8.95966	23.9397
37.8	-8.12147	-9.8378	25.1181
37.85	-8.89691	-10.207	26.8211
37.9	-9.35465	-9.81306	28.6605
37.95	-9.31291	-8.67989	30.0766
38	-8.74795	-7.18017	30.6357
38.05	-7.82809	-5.80776	30.2739
38.1	-6.81903	-4.88071	29.2384
38.15	-5.95198	-4.46466	27.8582
38.2	-5.35863	-4.48513	26.3963
38.25	-5.08255	-4.84875	25.0314
38.3	-5.11978	-5.49505	23.8947
38.35	-5.45095	-6.39246	23.1079
38.4	-6.0524	-7.50466	22.8063
38.45	-6.88528	-8.73834	23.1383
38.5	-7.86612	-9.88289	24.2194
38.55	-8.83053	-10.5869	26.0154
38.6	-9.52695	-10.4668	28.1905
38.65	-9.69469	-9.38706	30.0996
38.7	-9.22069	-7.68088	31.1026
38.75	-8.2413	-5.97079	30.9756
38.8	-7.06545	-4.73501	29.9591
38.85	-5.99593	-4.108	28.4624
38.9	-5.21578	-4.00161	26.8191
38.95	-4.78772	-4.28576	25.24
39	-4.70695	-4.8762	23.8623
39.05	-4.94916	-5.7411	22.8024
39.1	-5.49292	-6.86928	22.1926
39.15	-6.31608	-8.21732	22.1983
39.2	-7.36819	-9.63533	23.0006
39.25	-8.52251	-10.7913	24.7019
39.3	-9.53258	-11.1893	27.1282
39.35	-10.0616	-10.4308	29.6567
39.4	-9.8487	-8.63684	31.4018
39.45	-8.91556	-6.5073	31.8042
39.5	-7.58089	-4.78847	30.9771
39.55	-6.24714	-3.79706	29.4188
39.6	-5.19383	-3.46437	27.5889
39.65	-4.53079	-3.6054	25.7672
39.7	-4.25926	-4.08449	24.1083
39.75	-4.34432	-4.84833	22.7193
39.8	-4.75697	-5.89923	21.7133
39.85	-5.48424	-7.24779	21.2433
39.9	-6.51227	-8.84377	21.5185
39.95	-7.78181	-10.4732	22.7706
40	-9.11814	-11.6579	25.0975
40.05	-10.1785	-11.7319	28.1591
40.1	-10.5326	-10.3114	30.999
40.15	-9.93832	-7.84949	32.518
40.2	-8.57868	-5.40051	32.3367
40.25	-6.9426	-3.73105	30.9196
40.3	-5.48699	-2.95123	28.9422
40.35	-4.4457	-2.8257	26.8544
40.4	-3.85956	-3.11602	24.8745
40.45	-3.68272	-3.69856	23.1099
40.5	-3.86185	-4.55242	21.6436
40.55	-4.37045	-5.71531	20.5827
40.6	-5.21097	-7.23272	20.0944
40.65	-6.39142	-9.08096	20.4338
40.7	-7.86935	-11.0326	21.9182
40.75	-9.45499	-12.4928	24.7362
40.8	-10.7223	-12.5574	28.5024
40.85	-11.1038	-10.6873	31.9436
40.9	-10.2908	-7.56082	33.6024
40.95	-8.56852	-4.64168	33.1281
41	-6.59752	-2.82414	31.2908
41.05	-4.92472	-2.07681	28.9622
41.1	-3.77437	-2.01275	26.6157
41.15	-3.13909	-2.32549	24.4309
41.2	-2.93039	-2.88006	22.4752
41.25	-3.07041	-3.66796	20.7981
41.3	-3.52566	-4.7532	19.4741
41.35	-4.30914	-6.23143	18.6391
41.4	-5.46424	-8.1762	18.5362
41.45	-7.02166	-10.5188	19.5542
41.5	-8.90123	-12.8098	22.1504
41.55	-10.7484	-13.9866	26.4159
41.6	-11.8524	-12.7812	31.2738
41.65	-11.507	-9.20565	34.5341
41.7	-9.71586	-5.13959	34.8768
41.75	-7.27022	-2.35837	33.0324
41.8	-5.03047	-1.11493	30.3691
41.85	-3.40993	-0.841499	27.6629
41.9	-2.42819	-1.01685	25.1534
41.95	-1.94728	-1.38307	22.8808
42	-1.82616	-1.87355	20.8467
42.05	-1.97729	-2.52402	19.0592
42.1	-2.37456	-3.42627	17.5505
42.15	-3.04727	-4.71289	16.4014
42.2	-4.07232	-6.54559	15.7889
42.25	-5.55784	-9.05986	16.0695
42.3	-7.58544	-12.167	17.8687
42.35	-10.0418	-15.0885	21.9554
42.4	-12.3097	-15.9194	28.322
42.45	-13.192	-12.8088	34.6291
42.5	-11.8325	-7.01605	37.3493
42.55	-8.82851	-2.13902	35.9959
42.6	-5.61028	0.266148	32.8474
42.65	-3.11493	0.949339	29.5849
42.7	-1.50892	0.931542	26.6668
42.75	-0.584697	0.76725	24.0885
42.8	-0.0799016	0.659723	21.7858
42.85	0.206246	0.657757	19.715
42.9	0.402901	0.766957	17.8494
42.95	0.590532	0.997382	16.1716
43	0.826468	1.38253	14.6725
43.05	1.16575	1.9909	13.3556
43.1	1.67865	2.94017	12.25
43.15	2.46805	4.41639	11.4441
43.2	3.6868	6.68594	11.1617
43.25	5.54234	10.0397	11.9273
43.3	8.22954	14.4618	14.817
43.35	11.6241	18.6109	21.3558
43.4	14.5923	18.6913	31.411
43.45	14.924	11.8707	39.6424
43.5	11.756	2.90396	40.577
43.55	7.02988	-2.26189	36.7584
43.6	2.96825	-3.78394	32.5355
43.65	0.278419	-3.84003	29.1665
43.7	-1.30285	-3.6777	26.4972
43.75	-2.23889	-3.74169	24.2944
43.8	-2.90427	-4.15232	22.4665
43.85	-3.55017	-4.94406	21.0251
43.9	-4.34012	-6.14575	20.0617
43.95	-5.38339	-7.77355	19.7596
44	-6.73663	-9.74929	20.4093
44.05	-8.35451	-11.7348	22.3504
44.1	-9.98757	-12.9648	25.6881
44.15	-11.1168	-12.4512	29.7525
44.2	-11.1545	-9.91749	32.9624
44.25	-9.94039	-6.49826	33.9761
44.3	-7.96117	-3.73772	32.8955
44.35	-5.94078	-2.23915	30.7225
44.4	-4.35372	-1.74474	28.2679
44.45	-3.3312	-1.82407	25.8933
44.5	-2.81271	-2.20677	23.7167
44.55	-2.69431	-2.79916	21.7822
44.6	-2.90236	-3.62093	20.1318
44.65	-3.41478	-4.75469	18.8403
44.7	-4.25786	-6.31088	18.0519
44.75	-5.48824	-8.37423	18.0325
44.8	-7.14612	-10.8695	19.215
44.85	-9.14413	-13.2844	22.1116
44.9	-11.079	-14.4043	26.7961
44.95	-12.1493	-12.8416	31.9716
45	-11.6088	-8.80163	35.1737
45.05	-9.56141	-4.51473	35.1753
45.1	-6.93535	-1.78229	33.0197
45.15	-4.62723	-0.663095	30.1885
45.2	-3.00713	-0.471536	27.409
45.25	-2.04453	-0.66673	24.8649
45.3	-1.57179	-1.00205	22.5679
45.35	-1.43437	-1.41983	20.505
45.4	-1.53816	-1.95546	18.6712
45.45	-1.85124	-2.69297	17.0799
45.5	-2.39561	-3.75533	15.7776
45.55	-3.24195	-5.30754	14.8798
45.6	-4.5052	-7.54196	14.6421
45.65	-6.32104	-10.5754	15.5792
45.7	-8.74508	-14.1007	18.5478
45.75	-11.4746	-16.6914	24.3331
45.8	-13.4689	-15.717	31.9573
45.85	-13.29	-10.2538	37.4561
45.9	-10.6789	-3.79914	37.9037
45.95	-7.03881	0.133871	35.001
46	-3.85793	1.53002	31.4338
46.05	-1.67724	1.71629	28.2316
46.1	-0.367661	1.59238	25.4694
46.15	0.384453	1.53146	23.0492
46.2	0.853157	1.64933	20.9038
46.25	1.22925	1.98375	19.0047
46.3	1.64247	2.57727	17.3513
46.35	2.19586	3.51154	15.9763
46.4	2.99512	4.92107	14.9733
46.45	4.16787	6.98538	14.5576
46.5	5.86028	9.8521	15.1763
46.55	8.16733	13.3558	17.6216
46.6	10.9022	16.3721	22.7977
46.65	13.1984	16.3946	30.3154
46.7	13.5857	11.717	36.7067
46.75	11.4125	5.03212	38.2501
46.8	7.82516	0.422394	35.7867
46.85	4.4491	-1.41596	32.2055
46.9	2.03937	-1.76293	28.8961
46.95	0.561626	-1.66032	26.0458
47	-0.288829	-1.57412	23.5601
47.05	-0.804476	-1.65687	21.3616
47.1	-1.19484	-1.95441	19.415
47.15	-1.6013	-2.50566	17.7152
47.2	-2.13141	-3.38419	16.2893
47.25	-2.88999	-4.7147	15.2198
47.3	-4.00053	-6.66919	14.6995
47.35	-5.60644	-9.40442	15.1325
47.4	-7.81513	-12.8225	17.2526
47.45	-10.4982	-15.9848	21.9757
47.5	-12.9098	-16.5735	29.2139
47.55	-13.632	-12.5573	35.9628
47.6	-11.8096	-5.95547	38.2365
47.65	-8.35564	-0.974302	36.1923
47.7	-4.91408	1.18557	32.6767
47.75	-2.37703	1.67244	29.317
47.8	-0.793744	1.59664	26.4088
47.85	0.119224	1.48805	23.8745
47.9	0.658977	1.52743	21.6321
47.95	1.0437	1.76648	19.6408
48	1.41968	2.23886	17.8887
48.05	1.89407	3.00739	16.392
48.1	2.56665	4.18419	15.2111
48.15	3.55383	5.93529	14.4959
48.2	4.99827	8.4463	14.5735
48.25	7.03808	11.7571	16.0814
48.3	9.66137	15.2784	19.9761
48.35	12.3528	17.0529	26.7518
48.4	13.7998	14.4297	34.3603
48.45	12.7228	7.95585	38.3425
48.5	9.50556	2.01627	37.2807
48.55	5.83167	-0.968943	33.8693
48.6	2.93004	-1.81146	30.3487
48.65	1.05115	-1.81844	27.2944
48.7	-0.0491323	-1.69762	24.6598
48.75	-0.692984	-1.71027	22.3456
48.8	-1.13228	-1.93342	20.2991
48.85	-1.53821	-2.40406	18.5049
48.9	-2.03249	-3.18127	16.9799
48.95	-2.72168	-4.37059	15.7884
49	-3.72276	-6.12652	15.0861
49.05	-5.17199	-8.6112	15.2044
49.1	-7.19007	-11.8203	16.7663
49.15	-9.73421	-15.114	20.6519
49.2	-12.2672	-16.5898	27.1892
49.25	-13.5384	-13.8983	34.2896
49.3	-12.4201	-7.76824	37.8808
49.35	-9.33679	-2.2211	36.8147
49.4	-5.85202	0.598431	33.5528
49.45	-3.0951	1.41999	30.1349
49.5	-1.30375	1.43301	27.1211
49.55	-0.258027	1.296	24.4929
49.6	0.33871	1.25528	22.1664
49.65	0.719126	1.38015	20.0909
49.7	1.03916	1.69631	18.2434
49.75	1.40545	2.24479	16.6213
49.8	1.90697	3.10762	15.2491
49.85	2.6414	4.42215	14.2024
49.9	3.73474	6.38325	13.6653
49.95	5.34541	9.19402	14.0412
50	7.61542	12.8362	16.1086
50.05	10.4684	16.428	20.9554
50.1	13.1657	17.442	28.7688
50.15	14.1208	13.2789	36.3964
50.2	12.2423	5.96019	39.0839
50.25	8.49231	0.439901	36.8644
50.3	4.74642	-1.8654	33.0933
50.35	2.00903	-2.33829	29.6093
50.4	0.312585	-2.24995	26.6736
50.45	-0.674364	-2.18067	24.1596
50.5	-1.28799	-2.32398	21.9679
50.55	-1.77379	-2.74076	20.0621
50.6	-2.29938	-3.47988	18.4531
50.65	-2.992	-4.62376	17.2043
50.7	-3.96986	-6.29278	16.4668
50.75	-5.35334	-8.59972	16.547
50.8	-7.23211	-11.4869	17.9859
50.85	-9.53574	-14.3412	21.4807
50.9	-11.7744	-15.5662	27.1887
50.95	-12.9076	-13.3213	33.3457
51	-12.0139	-8.1494	36.6807
51.05	-9.38764	-3.2048	36.0524
51.1	-6.2957	-0.450484	33.254
51.15	-3.75415	0.481977	30.068
51.2	-2.05626	0.556315	27.1323
51.25	-1.06453	0.377793	24.5158
51.3	-0.539534	0.189147	22.1723
51.35	-0.285029	0.0497251	20.06
51.4	-0.175617	-0.0476069	18.151
51.45	-0.142407	-0.125506	16.4244
51.5	-0.152733	-0.206612	14.8625
51.55	-0.195401	-0.312717	13.4503
51.6	-0.272751	-0.469207	12.1746
51.65	-0.398137	-0.711967	11.0254
51.7	-0.597715	-1.09725	9.9974
51.75	-0.916402	-1.71673	9.09617
51.8	-1.42909	-2.72084	8.35302
51.85	-2.25883	-4.35221	7.86507
51.9	-3.60146	-6.9764	7.89867
51.95	-5.74	-11.0274	9.13515
52	-8.96015	-16.5272	13.0988
52.05	-13.0757	-21.4019	22.0272
52.1	-16.3074	-19.7864	35.0718
52.15	-15.5824	-9.24997	43.2984
52.2	-10.7419	1.0423	41.6197
52.25	-5.02818	5.29261	36.3966
52.3	-0.766463	5.92795	32.1998
52.35	1.80209	5.58685	29.3149
52.4	3.22017	5.30302	27.1934
52.45	4.0362	5.35068	25.5305
52.5	4.62811	5.76041	24.2455
52.55	5.22011	6.49772	23.3716
52.6	5.92895	7.50161	23.0024
52.65	6.79204	8.66023	23.2624
52.7	7.76812	9.76036	24.2539
52.75	8.72089	10.4631	25.9455
52.8	9.42157	10.3974	28.0285
52.85	9.6232	9.41345	29.8998
52.9	9.20803	7.79812	30.9376
52.95	8.29112	6.13344	30.8925
53	7.16044	4.89555	29.9631
53.05	6.11141	4.24169	28.5349
53.1	5.33168	4.10384	26.9389
53.15	4.8921	4.35983	25.3914
53.2	4.79393	4.9247	24.034
53.25	5.01533	5.76238	22.9852
53.3	5.53455	6.85704	22.3752
53.35	6.32779	8.16281	22.3636
53.4	7.34378	9.53369	23.1216
53.45	8.45929	10.6538	24.7436
53.5	9.43923	11.0557	27.064
53.55	9.96416	10.3606	29.4986
53.6	9.78324	8.66831	31.211
53.65	8.90779	6.62461	31.6524
53.7	7.63189	4.94318	30.9006
53.75	6.33942	3.94986	29.416
53.8	5.3064	3.59974	27.6438
53.85	4.64845	3.72312	25.866
53.9	4.37388	4.18847	24.2424
53.95	4.45218	4.9402	22.8846
54	4.85539	5.97521	21.9078
54.05	5.56858	7.29679	21.4635
54.1	6.57363	8.84675	21.7535
54.15	7.8063	10.4079	22.9926
54.2	9.09073	11.5162	25.2551
54.25	10.0952	11.548	28.1926
54.3	10.415	10.1655	30.8903
54.35	9.83133	7.81161	32.3234
54.4	8.52338	5.47312	32.1428
54.45	6.95308	3.86863	30.7791
54.5	5.55339	3.11184	28.8659
54.55	4.55039	2.99086	26.8362
54.6	3.98856	3.28417	24.908
54.65	3.82861	3.87468	23.1941
54.7	4.02219	4.74106	21.7837
54.75	4.54454	5.91537	20.7898
54.8	5.3956	7.43077	20.3845
54.85	6.57495	9.24131	20.82
54.9	8.02428	11.0894	22.3891
54.95	9.53463	12.3676	25.2163
55	10.6775	12.2336	28.8362
55.05	10.9277	10.2912	31.9878
55.1	10.0494	7.28867	33.3743
55.15	8.3597	4.58039	32.7813
55.2	6.48405	2.92618	30.9571
55.25	4.9165	2.26495	28.6933
55.3	3.85308	2.24238	26.4194
55.35	3.28371	2.5861	24.306
55.4	3.12861	3.18044	22.4258
55.45	3.32023	4.02482	20.8383
55.5	3.83268	5.18314	19.6328
55.55	4.68143	6.73973	18.9664
55.6	5.90232	8.73267	19.1069
55.65	7.49857	11.0128	20.4474
55.7	9.33101	13.0066	23.3613
55.75	10.9699	13.6053	27.6867
55.8	11.7052	11.8235	32.0718
55.85	11.0038	8.16476	34.5087
55.9	9.08241	4.52538	34.2461
55.95	6.75298	2.23698	32.2231
56	4.73992	1.29546	29.6155
56.05	3.338	1.16024	27.0215
56.1	2.52588	1.40582	24.6226
56.15	2.17347	1.84063	22.4565
56.2	2.16356	2.43325	20.5363
56.25	2.4333	3.24003	18.8888
56.3	2.97844	4.36822	17.5771
56.35	3.84617	5.95718	16.7377
56.4	5.12074	8.13938	16.6435
56.45	6.88311	10.9097	17.7825
56.5	9.09541	13.7961	20.8275
56.55	11.3633	15.4158	26.0976
56.6	12.7489	13.8838	32.2681
56.65	12.2521	9.15856	36.2233
56.7	9.91096	4.05861	36.2544
56.75	6.86873	0.926564	33.7469
56.8	4.22855	-0.263921	30.5997
56.85	2.4033	-0.443129	27.627
56.9	1.31403	-0.280976	24.9655
56.95	0.733175	-0.0684836	22.5811
57	0.458796	0.114861	20.4328
57.05	0.358278	0.273872	18.492
57.1	0.359774	0.438993	16.7382
57.15	0.433543	0.648326	15.1555
57.2	0.578136	0.948502	13.7323
57.25	0.814434	1.40421	12.4641
57.3	1.18708	2.11379	11.3609
57.35	1.77292	3.23153	10.4662
57.4	2.69608	4.99466	9.90348
57.45	4.14565	7.73301	9.98886
57.5	6.37037	11.7558	11.4676
57.55	9.54799	16.7691	15.8142
57.6	13.2727	20.3371	24.652
57.65	15.7004	17.4745	35.979
57.7	14.4361	7.84305	41.9863
57.75	9.89615	-0.631727	39.9632
57.8	4.87366	-4.11482	35.2692
57.85	1.1593	-4.6997	31.3051
57.9	-1.10701	-4.49196	28.3461
57.95	-2.40089	-4.36299	26.0308
58	-3.20209	-4.56441	24.1525
58.05	-3.84792	-5.14372	22.6675
58.1	-4.54883	-6.10156	21.6306
58.15	-5.42922	-7.42051	21.1745
58.2	-6.54661	-9.01892	21.5038
58.25	-7.87206	-10.6477	22.8482
58.3	-9.23409	-11.7882	25.2881
58.35	-10.2782	-11.75	28.4304
58.4	-10.5689	-10.1841	31.2539
58.45	-9.88751	-7.62848	32.657
58.5	-8.45816	-5.17916	32.3355
58.55	-6.79337	-3.56544	30.8182
58.6	-5.34455	-2.84602	28.7886
58.65	-4.32778	-2.76387	26.679
58.7	-3.76998	-3.08163	24.6923
58.75	-3.61913	-3.68358	22.9285
58.8	-3.82129	-4.55618	21.4685
58.85	-4.3521	-5.74257	20.4202
58.9	-5.21699	-7.29147	19.9554
58.95	-6.42624	-9.17805	20.3378
59	-7.93633	-11.1631	21.8957
59.05	-9.54858	-12.6228	24.8181
59.1	-10.8181	-12.6194	28.6845
59.15	-11.1609	-10.6273	32.1537
59.2	-10.2788	-7.40233	33.7443
59.25	-8.49194	-4.46166	33.1654
59.3	-6.48579	-2.67437	31.2486
59.35	-4.80621	-1.96437	28.876
59.4	-3.66395	-1.92461	26.507
59.45	-3.04005	-2.24762	24.3089
59.5	-2.84011	-2.80306	22.3426
59.55	-2.98458	-3.58686	20.6537
59.6	-3.44054	-4.66688	19.3137
59.65	-4.223	-6.14363	18.4558
59.7	-5.37913	-8.09918	18.322
59.75	-6.94653	-10.4791	19.3068
59.8	-8.85532	-12.8484	21.8913
59.85	-10.7585	-14.1325	26.2135
59.9	-11.9324	-12.99	31.2215
59.95	-11.6291	-9.35656	34.6492
60	-9.82161	-5.15837	35.0655
60.05	-7.31825	-2.27548	33.2025
60.1	-5.01612	-0.98825	30.4932
60.15	-3.34804	-0.701412	27.7473
60.2	-2.33372	-0.867555	25.2072
60.25	-1.82784	-1.21573	22.9081
60.3	-1.68145	-1.67333	20.8462
60.35	-1.80037	-2.27171	19.0235
60.4	-2.15263	-3.09768	17.4631
60.45	-2.76198	-4.2792	16.2291
60.5	-3.70124	-5.9803	15.4687
60.55	-5.08173	-8.36606	15.49
60.6	-7.01238	-11.4508	16.8698
60.65	-9.46282	-14.6808	20.4358
60.7	-11.9606	-16.341	26.5784
60.75	-13.3552	-14.1448	33.5397
60.8	-12.5022	-8.41301	37.4668
60.85	-9.64651	-2.84246	36.8345
60.9	-6.24086	0.185945	33.7764
60.95	-3.45831	1.15597	30.3927
61	-1.61389	1.2219	27.3583
61.05	-0.529632	1.07522	24.6989
61.1	0.0780064	0.986749	22.3391
61.15	0.439555	1.03246	20.2264
61.2	0.709302	1.23151	18.3327
61.25	0.988105	1.60833	16.6453
61.3	1.35288	2.21899	15.1671
61.35	1.88196	3.16694	13.9295
61.4	2.67632	4.61719	13.0228
61.45	3.87631	6.79879	12.6675
61.5	5.66161	9.93908	13.3543
61.55	8.18203	13.954	16.0316
61.6	11.2852	17.6038	21.938
61.65	13.965	17.7053	30.8318
61.7	14.3582	11.9248	38.2932
61.75	11.6705	3.96008	39.6099
61.8	7.44969	-1.04196	36.4144
61.85	3.66621	-2.74882	32.4285
61.9	1.07565	-2.94428	29.0336
61.95	-0.477286	-2.81486	26.2407
62	-1.3905	-2.82936	23.8744
62.05	-2.00912	-3.1305	21.845
62.1	-2.57368	-3.76922	20.1415
62.15	-3.24906	-4.80033	18.8157
62.2	-4.16232	-6.30327	18
62.25	-5.4214	-8.34389	17.9535
62.3	-7.09324	-10.8418	19.1073
62.35	-9.10693	-13.2887	21.9828
62.4	-11.0699	-14.466	26.6798
62.45	-12.179	-12.948	31.9222
62.5	-11.6672	-8.8919	35.2119
62.55	-9.61992	-4.54423	35.2602
62.6	-6.97069	-1.76033	33.1044
62.65	-4.63405	-0.61658	30.2567
62.7	-2.99079	-0.416175	27.4615
62.75	-2.01173	-0.606035	24.905
62.8	-1.5264	-0.93297	22.5973
62.85	-1.37679	-1.33604	20.5234
62.9	-1.46561	-1.84816	18.6764
62.95	-1.75793	-2.55027	17.066
63	-2.27256	-3.56145	15.7325
63.05	-3.07671	-5.04345	14.779
63.1	-4.28309	-7.19233	14.438
63.15	-6.03201	-10.1544	15.1885
63.2	-8.40592	-13.717	17.864
63.25	-11.1738	-16.6226	23.355
63.3	-13.3839	-16.2449	31.0475
63.35	-13.5395	-11.1363	37.1709
63.4	-11.1374	-4.42694	38.2347
63.45	-7.47038	-0.065582	35.5183
63.5	-4.13961	1.57397	31.9044
63.55	-1.81021	1.83907	28.6293
63.6	-0.396755	1.72483	25.8169
63.65	0.417737	1.65833	23.3643
63.7	0.922831	1.77591	21.1971
63.75	1.32318	2.12117	19.2843
63.8	1.758	2.7378	17.6265
63.85	2.33622	3.70751	16.2611
63.9	3.16689	5.16311	15.2907
63.95	4.37773	7.27521	14.9465
64	6.10756	10.161	15.6957
64.05	8.42604	13.5799	18.3289
64.1	11.0919	16.2996	23.6435
64.15	13.1875	15.8681	30.9776
64.2	13.3179	11.0103	36.7891
64.25	11.0283	4.63644	37.8528
64.3	7.52346	0.417243	35.2981
64.35	4.31212	-1.22465	31.7979
64.4	2.04635	-1.51575	28.5645
64.45	0.665789	-1.40279	25.7562
64.5	-0.12209	-1.30355	23.2904
64.55	-0.590495	-1.35197	21.0978
64.6	-0.932579	-1.58539	19.1436
64.65	-1.27675	-2.03464	17.4167
64.7	-1.71895	-2.76235	15.9292
64.75	-2.35222	-3.88114	14.7328
64.8	-3.28977	-5.56199	13.9603
64.85	-4.67726	-8.01243	13.9121
64.9	-6.67169	-11.3398	15.1992
64.95	-9.31547	-15.099	18.8227
65	-12.1868	-17.453	25.551
65.05	-13.9941	-15.4163	33.7414
65.1	-13.2299	-8.8337	38.6305
65.15	-10.0298	-2.27316	37.9874
65.2	-6.14494	1.16206	34.5229
65.25	-3.00289	2.16479	30.8673
65.3	-0.948149	2.20005	27.7327
65.35	0.262577	2.0842	25.0651
65.4	0.978773	2.12167	22.745
65.45	1.47882	2.40431	20.7138
65.5	1.95369	2.97609	18.9618
65.55	2.5396	3.90223	17.523
65.6	3.35377	5.2906	16.4964
65.65	4.51704	7.27696	16.0982
65.7	6.14839	9.93651	16.7481
65.75	8.29323	13.0188	19.1196
65.8	10.721	15.4458	23.8428
65.85	12.6414	15.1824	30.3273
65.9	12.8745	11.1135	35.6672
65.95	10.9685	5.46178	37.0212
66	7.8626	1.40796	34.9801
66.05	4.88478	-0.357335	31.7774
66.1	2.70825	-0.761076	28.6456
66.15	1.35728	-0.663898	25.851
66.2	0.602156	-0.483319	23.3651
66.25	0.20547	-0.356925	21.134
66.3	-0.00206871	-0.307117	19.1214
66.35	-0.12353	-0.325787	17.3028
66.4	-0.218144	-0.407456	15.6592
66.45	-0.322346	-0.560039	14.1752
66.5	-0.465067	-0.809498	12.839
66.55	-0.678981	-1.20606	11.6444
66.6	-1.01083	-1.8359	10.5968
66.65	-1.53395	-2.8409	9.72858
66.7	-2.36554	-4.4469	9.13749
66.75	-3.68812	-6.98625	9.08399
66.8	-5.75842	-10.8356	10.2114
66.85	-8.8225	-15.9688	13.9045
66.9	-12.6884	-20.4966	22.1185
66.95	-15.7675	-19.2767	34.1203
67	-15.3061	-9.90681	42.1788
67.05	-10.9697	-0.115568	41.2102
67.1	-5.5897	4.33189	36.3735
67.15	-1.43261	5.19734	32.1417
67.2	1.14001	4.9801	29.0799
67.25	2.59559	4.76525	26.762
67.3	3.45772	4.86947	24.9144
67.35	4.10178	5.3483	23.462
67.4	4.75927	6.18967	22.4428
67.45	5.5608	7.35799	21.9678
67.5	6.56177	8.76234	22.2042
67.55	7.73459	10.1788	23.3275
67.6	8.93209	11.1813	25.382
67.65	9.86445	11.2235	28.0438
67.7	10.1792	10.0114	30.5109
67.75	9.68106	7.90894	31.881
67.8	8.51475	5.76166	31.8039
67.85	7.08055	4.23096	30.6091
67.9	5.77391	3.46979	28.8516
67.95	4.81923	3.32128	26.9449
68	4.27659	3.59299	25.1163
68.05	4.12233	4.17353	23.4922
68.1	4.31683	5.03471	22.1726
68.15	4.83624	6.19399	21.2782
68.2	5.67346	7.66122	20.9812
68.25	6.81268	9.3582	21.5156
68.3	8.17361	11	23.1196
68.35	9.53235	12.0048	25.8227
68.4	10.4845	11.6678	29.0958
68.45	10.5892	9.77462	31.7895
68.5	9.69917	7.06874	32.8612
68.55	8.13335	4.69075	32.2124
68.6	6.43894	3.24441	30.4951
68.65	5.0365	2.67396	28.3799
68.7	4.09583	2.69042	26.2479
68.75	3.61448	3.07026	24.2683
68.8	3.53064	3.71974	22.528
68.85	3.79217	4.64222	21.1056
68.9	4.38108	5.89111	20.1148
68.95	5.30909	7.51747	19.7414
69	6.58837	9.4834	20.2704
69.05	8.16526	11.5055	22.0472
69.1	9.80923	12.8795	25.2312
69.15	11.0264	12.6147	29.2725
69.2	11.2136	10.2937	32.6687
69.25	10.1358	6.89856	33.9677
69.3	8.21262	4.01002	33.0928
69.35	6.16856	2.36635	31.0024
69.4	4.51976	1.77629	28.5586
69.45	3.43243	1.8052	26.1682
69.5	2.86032	2.15996	23.9673
69.55	2.69989	2.72917	22.0042
69.6	2.87239	3.52211	20.3196
69.65	3.34961	4.6157	18.9832
69.7	4.15271	6.11865	18.1292
69.75	5.33603	8.12227	18.007
69.8	6.94492	10.5791	19.0297
69.85	8.91385	13.0424	21.7131
69.9	10.8841	14.3769	26.221
69.95	12.0913	13.1481	31.4423
70	11.7447	9.30626	34.9587
70.05	9.83251	4.93941	35.2952
70.1	7.2255	2.01051	33.3026
70.15	4.85912	0.744285	30.5018
70.2	3.16247	0.481685	27.7052
70.25	2.13625	0.651039	25.1355
70.3	1.61916	0.977799	22.8136
70.35	1.45231	1.38925	20.727
70.4	1.53492	1.91388	18.8702
70.45	1.8291	2.63182	17.2544
70.5	2.35185	3.66243	15.9228
70.55	3.16923	5.16671	14.9834
70.6	4.39221	7.33547	14.6763
70.65	6.15575	10.2979	15.4888
70.7	8.52778	13.802	18.2483
70.75	11.2496	16.5427	23.7807
70.8	13.3503	15.9471	31.3355
70.85	13.3848	10.7973	37.1481
70.9	10.9474	4.28065	38.0003
70.95	7.34148	0.112047	35.2701
71	4.10068	-1.4435	31.708
71.05	1.8433	-1.68898	28.4709
71.1	0.476683	-1.57118	25.6764
71.15	-0.307208	-1.49535	23.2298
71.2	-0.787295	-1.5898	21.0607
71.25	-1.15968	-1.89401	19.1374
71.3	-1.55677	-2.44715	17.456
71.35	-2.08131	-3.3251	16.043
71.4	-2.83635	-4.65608	14.9801
71.45	-3.94614	-6.61793	14.4591
71.5	-5.55775	-9.37793	14.8862
71.55	-7.78611	-12.8533	17.0091
71.6	-10.5119	-16.1085	21.7836
71.65	-12.9841	-16.7658	29.169
71.7	-13.743	-12.6816	36.1003
71.75	-11.8904	-5.91323	38.4316
71.8	-8.36278	-0.828062	36.3281
71.85	-4.85512	1.3502	32.751
71.9	-2.27825	1.82805	29.3637
71.95	-0.673752	1.74889	26.4496
72	0.253717	1.65137	23.9195
72.05	0.810078	1.71825	21.6877
72.1	1.2196	2.00365	19.7142
72.15	1.63373	2.54619	17.9921
72.2	2.16526	3.41625	16.5477
72.25	2.92064	4.73399	15.463
72.3	4.02219	6.66506	14.9279
72.35	5.60976	9.35844	15.3384
72.4	7.78607	12.713	17.4073
72.45	10.4236	15.8152	22.0169
72.5	12.7988	16.4287	29.0822
72.55	13.5394	12.5743	35.7232
72.6	11.7978	6.13481	38.0588
72.65	8.43022	1.18874	36.1346
72.7	5.03706	-1.00605	32.6858
72.75	2.51496	-1.52402	29.3443
72.8	0.933275	-1.45633	26.4337
72.85	0.0226426	-1.33518	23.8896
72.9	-0.506911	-1.34421	21.6332
72.95	-0.86956	-1.53388	19.6222
73	-1.20775	-1.93241	17.8404
73.05	-1.62332	-2.59326	16.2942
73.1	-2.20851	-3.61662	15.0247
73.15	-3.07082	-5.16015	14.1424
73.2	-4.34852	-7.42715	13.9015
73.25	-6.20021	-10.5663	14.8326
73.3	-8.71062	-14.3086	17.8595
73.35	-11.5966	-17.1805	23.916
73.4	-13.7614	-16.2674	32.086
73.45	-13.6094	-10.4054	38.0241
73.5	-10.8237	-3.47037	38.4404
73.55	-6.94924	0.644681	35.3062
73.6	-3.60181	2.03056	31.5932
73.65	-1.33295	2.1827	28.3461
73.7	0.0236352	2.06146	25.5894
73.75	0.815353	2.05071	23.199
73.8	1.33845	2.26919	21.1033
73.85	1.79919	2.76254	19.2826
73.9	2.34123	3.5877	17.7589
73.95	3.08245	4.84283	16.6097
74	4.14178	6.66357	16.0131
74.05	5.64349	9.16198	16.3274
74.1	7.66879	12.2204	18.171
74.15	10.0919	15.0313	22.2741
74.2	12.2855	15.7138	28.5485
74.25	13.0802	12.5527	34.6358
74.3	11.687	6.88669	37.1711
74.35	8.72591	2.17457	35.7854
74.4	5.583	-0.144633	32.6822
74.45	3.15254	-0.803888	29.4626
74.5	1.59024	-0.780577	26.5694
74.55	0.695245	-0.605911	24.0045
74.6	0.215083	-0.473771	21.7091
74.65	-0.0424169	-0.427475	19.6417
74.7	-0.198851	-0.465625	17.7752
74.75	-0.326436	-0.586567	16.0903
74.8	-0.471361	-0.80439	14.5722
74.85	-0.671932	-1.15647	13.212
74.9	-0.972611	-1.71249	12.0103
74.95	-1.43728	-2.58961	10.9896
75	-2.16497	-3.97548	10.2224
75.05	-3.30902	-6.15092	9.90331
75.1	-5.09027	-9.46332	10.5113
75.15	-7.75378	-14.0571	13.1059
75.2	-11.2984	-18.8695	19.4323
75.25	-14.7247	-20.003	30.0787
75.3	-15.604	-13.3582	39.8657
75.35	-12.5348	-3.29492	41.7125
75.4	-7.44571	2.76341	37.7472
75.45	-2.95369	4.54139	33.2468
75.5	0.029729	4.58468	29.7952
75.55	1.76966	4.36093	27.1704
75.6	2.77971	4.37616	25.0655
75.65	3.47477	4.75508	23.3609
75.7	4.12697	5.51475	22.0644
75.75	4.90239	6.65084	21.2682
75.8	5.89495	8.12819	21.1412
75.85	7.12855	9.80492	21.9151
75.9	8.51745	11.313	23.7902
75.95	9.80385	12.0095	26.6768
76	10.563	11.2592	29.8713
76.05	10.4081	9.08577	32.1782
76.1	9.31468	6.40822	32.7673
76.15	7.68834	4.27266	31.7877
76.2	6.06114	3.08429	29.9397
76.25	4.78538	2.69334	27.817
76.3	3.97608	2.81852	25.7313
76.35	3.60876	3.2733	23.8228
76.4	3.62195	3.99383	22.173
76.45	3.97257	4.9996	20.8685
76.5	4.65156	6.34618	20.0404
76.55	5.67297	8.06652	19.8997
76.6	7.03597	10.0675	20.7531
76.65	8.64624	11.9589	22.9197
76.7	10.2022	12.9273	26.4025
76.75	11.1561	12.0589	30.367
76.8	10.9715	9.31875	33.2047
76.85	9.60447	5.98835	33.8084
76.9	7.6076	3.47362	32.4985
76.95	5.67032	2.18771	30.2712
77	4.19855	1.81756	27.8435
77.05	3.28087	1.96183	25.5198
77.1	2.84594	2.38848	23.4013
77.15	2.79573	3.02877	21.5323
77.2	3.06736	3.91568	19.9624
77.25	3.64876	5.13728	18.7807
77.3	4.57253	6.79932	18.1554
77.35	5.8928	8.9575	18.3866
77.4	7.62658	11.4543	19.932
77.45	9.62437	13.6254	23.2421
77.5	11.3877	14.1528	28.1203
77.55	12.087	11.9171	32.9118
77.6	11.1478	7.69499	35.2903
77.65	8.91553	3.78406	34.6488
77.7	6.35944	1.52225	32.2751
77.75	4.24392	0.693354	29.4624
77.8	2.81776	0.629805	26.7615
77.85	2.00469	0.878825	24.2972
77.9	1.63948	1.25479	22.0748
77.95	1.58643	1.73161	20.0865
78	1.77185	2.36253	18.3365
78.05	2.18239	3.24679	16.8529
78.1	2.85756	4.52373	15.7115
78.15	3.88431	6.36857	15.0848
78.2	5.38504	8.94486	15.3325
78.25	7.46492	12.2087	17.1141
78.3	10.0405	15.4043	21.3058
78.35	12.4935	16.4909	28.053
78.4	13.5227	13.287	34.9233
78.45	12.1277	7.03528	37.9326
78.5	8.92716	1.78181	36.4755
78.55	5.49802	-0.74028	33.1369
78.6	2.85968	-1.41889	29.7614
78.65	1.17209	-1.3925	26.7978
78.7	0.1944	-1.25752	24.2078
78.75	-0.364792	-1.22949	21.9108
78.8	-0.727651	-1.36737	19.8601
78.85	-1.04192	-1.69565	18.0346
78.9	-1.40964	-2.25746	16.4331
78.95	-1.91811	-3.13826	15.0814
79	-2.66558	-4.47968	14.0586
79.05	-3.78015	-6.48124	13.5559
79.1	-5.42288	-9.34709	13.9925
79.15	-7.73469	-13.042	16.1736
79.2	-10.6225	-16.6186	21.2029
79.25	-13.3004	-17.4466	29.1789
79.3	-14.1411	-12.9962	36.734
79.35	-12.1157	-5.58759	39.1449
79.4	-8.29196	-0.190842	36.7411
79.45	-4.55558	1.98843	32.9349
79.5	-1.85908	2.40446	29.4702
79.55	-0.198876	2.30592	26.5594
79.6	0.767358	2.24832	24.0679
79.65	1.37553	2.41411	21.8985
79.7	1.86867	2.86189	20.0183
79.75	2.413	3.64228	18.4432
79.8	3.13587	4.84009	17.2449
79.85	4.15589	6.5743	16.5894
79.9	5.59065	8.94225	16.806
79.95	7.51538	11.8355	18.4558
80	9.81929	14.5369	22.2028
80.05	11.9464	15.371	28.0176
80.1	12.8377	12.698	33.88
80.15	11.7008	7.47471	36.6587
80.2	8.99129	2.83218	35.67
80.25	5.97561	0.374317	32.801
80.3	3.56643	-0.408036	29.6604
80.35	1.9846	-0.430854	26.7799
80.4	1.07424	-0.236671	24.2071
80.45	0.603644	-0.0339558	21.898
80.5	0.390224	0.133158	19.8152
80.55	0.321076	0.280249	17.9329
80.6	0.338167	0.439185	16.2319
80.65	0.420064	0.64729	14.6969
80.7	0.570105	0.950903	13.317
80.75	0.812235	1.41584	12.0882
80.8	1.19382	2.14359	11.022
80.85	1.79514	3.29439	10.1646
80.9	2.74555	5.1151	9.64731
80.95	4.2417	7.94726	9.80653
81	6.53977	12.0989	11.4359
81.05	9.80906	17.2013	16.0895
81.1	13.5732	20.5705	25.3656
81.15	15.8452	17.0749	36.7944
81.2	14.2624	7.0494	42.2487
81.25	9.51566	-1.1975	39.7551
81.3	4.48806	-4.38054	34.9962
81.35	0.853977	-4.83339	31.1089
81.4	-1.33661	-4.59766	28.2285
81.45	-2.58339	-4.47963	25.9776
81.5	-3.36322	-4.70283	24.1584
81.55	-4.00496	-5.30424	22.7355
81.6	-4.71099	-6.27798	21.7698
81.65	-5.59772	-7.59659	21.3972
81.7	-6.71229	-9.16072	21.8184
81.75	-8.01119	-10.699	23.2404
81.8	-9.30777	-11.6872	25.6915
81.85	-10.2471	-11.4856	28.7201
81.9	-10.4268	-9.85083	31.3155
81.95	-9.68324	-7.37607	32.4912
82	-8.26852	-5.08806	32.0497
82.05	-6.67415	-3.61551	30.521
82.1	-5.3119	-2.98187	28.5356
82.15	-4.37219	-2.94618	26.4877
82.2	-3.87559	-3.29583	24.5684
82.25	-3.7743	-3.93085	22.8793
82.3	-4.02095	-4.84334	21.5081
82.35	-4.5954	-6.07271	20.5736
82.4	-5.50168	-7.65128	20.2596
82.45	-6.73863	-9.51722	20.8342
82.5	-8.23598	-11.3711	22.596
82.55	-9.75562	-12.5425	25.6298
82.6	-10.8321	-12.1669	29.3543
82.65	-10.9368	-9.96161	32.3956
82.7	-9.89567	-6.85052	33.5134
82.75	-8.10492	-4.21275	32.6716
82.8	-6.21313	-2.69243	30.7086
82.85	-4.68462	-2.13903	28.3923
82.9	-3.67787	-2.18064	26.1076
82.95	-3.16133	-2.55964	24.0003
83	-3.04919	-3.17776	22.1336
83.05	-3.27604	-4.04669	20.565
83.1	-3.82117	-5.23831	19.3861
83.15	-4.70565	-6.84177	18.761
83.2	-5.96955	-8.89416	18.9717
83.25	-7.61533	-11.2292	20.4308
83.3	-9.49023	-13.2248	23.5187
83.35	-11.1316	-13.7057	28.0181
83.4	-11.7961	-11.699	32.4468
83.45	-10.968	-7.86286	34.7403
83.5	-8.93333	-4.20551	34.2746
83.55	-6.55203	-1.99543	32.1169
83.6	-4.54047	-1.13181	29.4506
83.65	-3.1631	-1.0401	26.8364
83.7	-2.37627	-1.29941	24.431
83.75	-2.0403	-1.72928	22.2613
83.8	-2.0358	-2.30553	20.3352
83.85	-2.30054	-3.08764	18.6751
83.9	-2.83147	-4.1846	17.3382
83.95	-3.67755	-5.73996	16.4519
84	-4.92745	-7.89983	16.2772
84.05	-6.67428	-10.6941	17.2952
84.1	-8.90781	-13.7149	20.2094
84.15	-11.2745	-15.6206	25.4656
84.2	-12.8431	-14.3812	31.9093
84.25	-12.5152	-9.65028	36.3205
84.3	-10.2064	-4.26152	36.6274
84.35	-7.06733	-0.86386	34.1392
84.4	-4.2939	0.450629	30.9216
84.45	-2.35959	0.668596	27.8861
84.5	-1.19517	0.523416	25.1824
84.55	-0.560511	0.338532	22.7685
84.6	-0.237557	0.208388	20.5968
84.65	-0.0792246	0.139237	18.6355
84.7	0.000128807	0.115865	16.8619
84.75	0.0465302	0.125341	15.2574
84.8	0.0844737	0.162767	13.806
84.85	0.128735	0.23181	12.4931
84.9	0.191641	0.345296	11.3064
84.95	0.288126	0.527951	10.2354
85	0.440548	0.822548	9.27298
85.05	0.685077	1.30124	8.41866
85.1	1.0816	2.08481	7.68787
85.15	1.72961	3.37322	7.13669
85.2	2.79228	5.48572	6.9288
85.25	4.52389	8.8751	7.50796
85.3	7.25831	13.9282	9.97968
85.35	11.1711	19.904	16.5349
85.4	15.3716	22.4021	28.8536
85.45	16.8755	15.0698	41.3595
85.5	13.4586	2.59815	43.9019
85.55	7.43302	-4.62808	39.0554
85.6	2.19049	-6.4176	34.0928
85.65	-1.1817	-6.22491	30.7481
85.7	-3.06429	-5.77439	28.4565
85.75	-4.07644	-5.58106	26.7237
85.8	-4.68969	-5.74077	25.3627
85.85	-5.19661	-6.22962	24.3546
85.9	-5.75694	-6.99052	23.7569
85.95	-6.4397	-7.93808	23.6621
86	-7.24199	-8.92884	24.1625
86.05	-8.08738	-9.73153	25.2848
86.1	-8.82252	-10.051	26.8915
86.15	-9.24667	-9.65951	28.6107
86.2	-9.19869	-8.58893	29.9257
86.25	-8.66267	-7.1835	30.4417
86.3	-7.79628	-5.89434	30.0984
86.35	-6.84552	-5.01693	29.1186
86.4	-6.02653	-4.62015	27.8063
86.45	-5.46576	-4.64227	26.4117
86.5	-5.20813	-4.99926	25.1103
86.55	-5.25271	-5.63306	24.0339
86.6	-5.58165	-6.50871	23.3041
86.65	-6.16993	-7.58265	23.0524
86.7	-6.97482	-8.75384	23.4163
86.75	-7.90857	-9.81108	24.4907
86.8	-8.80775	-10.4219	26.2175
86.85	-9.4344	-10.2465	28.2572
86.9	-9.55443	-9.19202	30.0058
86.95	-9.07866	-7.58662	30.8925
87	-8.14425	-5.99804	30.7323
87.05	-7.03822	-4.85412	29.7505
87.1	-6.0382	-4.27744	28.321
87.15	-5.31343	-4.19311	26.7536
87.2	-4.92448	-4.48639	25.2517
87.25	-4.86978	-5.08063	23.9528
87.3	-5.1281	-5.94296	22.9759
87.35	-5.67782	-7.0535	22.4542
87.4	-6.49179	-8.35362	22.5472
87.45	-7.50985	-9.67645	23.4149
87.5	-8.59498	-10.6873	25.1181
87.55	-9.50154	-10.9296	27.4355
87.6	-9.91961	-10.0903	29.7447
87.65	-9.63659	-8.35461	31.2477
87.7	-8.70836	-6.38588	31.4969
87.75	-7.444	-4.8336	30.6383
87.8	-6.20805	-3.95614	29.1287
87.85	-5.24736	-3.68602	27.3801
87.9	-4.65847	-3.86215	25.6501
87.95	-4.44348	-4.36796	24.0893
88	-4.57303	-5.1573	22.8094
88.05	-5.02183	-6.22788	21.9309
88.1	-5.77464	-7.57293	21.6119
88.15	-6.80627	-9.10998	22.0547
88.2	-8.03551	-10.5843	23.4524
88.25	-9.26223	-11.5043	25.8143
88.3	-10.1413	-11.2853	28.6959
88.35	-10.2966	-9.72364	31.1479
88.4	-9.58155	-7.37982	32.2603
88.45	-8.2337	-5.20383	31.8468
88.5	-6.71226	-3.78726	30.3901
88.55	-5.40659	-3.16818	28.4794
88.6	-4.503	-3.13219	26.4964
88.65	-4.02809	-3.48257	24.6348
88.7	-3.94143	-4.124	23.0024
88.75	-4.20035	-5.04615	21.6938
88.8	-4.7854	-6.28034	20.8334
88.85	-5.69632	-7.84331	20.6079
88.9	-6.92118	-9.64796	21.2764
88.95	-8.37215	-11.3676	23.1013
89	-9.79514	-12.3378	26.0933
89.05	-10.7349	-11.7873	29.6078
89.1	-10.7204	-9.57506	32.3338
89.15	-9.64602	-6.64038	33.211
89.2	-7.91821	-4.22043	32.2979
89.25	-6.13701	-2.84721	30.3777
89.3	-4.71657	-2.36588	28.1402
89.35	-3.79479	-2.44374	25.9365
89.4	-3.3424	-2.855	23.9092
89.45	-3.28408	-3.51741	22.1291
89.5	-3.56462	-4.44764	20.6658
89.55	-4.16951	-5.71334	19.6279
89.6	-5.119	-7.38419	19.2022
89.65	-6.4391	-9.44691	19.6894
89.7	-8.09389	-11.6371	21.4813
89.75	-9.86254	-13.2204	24.8168
89.8	-11.224	-13.0743	29.1867
89.85	-11.4962	-10.6306	32.9557
89.9	-10.377	-6.93093	34.4385
89.95	-8.31198	-3.78082	33.5167
90	-6.10902	-2.01759	31.2878
90.05	-4.33851	-1.39827	28.7152
90.1	-3.17203	-1.4184	26.224
90.15	-2.54573	-1.74791	23.9375
90.2	-2.33633	-2.26184	21.8877
90.25	-2.45012	-2.96515	20.0984
90.3	-2.84903	-3.93472	18.6166
90.35	-3.54992	-5.28906	17.5423
90.4	-4.61376	-7.15906	17.0765
90.45	-6.11889	-9.60741	17.5901
90.5	-8.08666	-12.4088	19.6555
90.55	-10.3086	-14.6545	23.7934
90.6	-12.117	-14.6505	29.5447
90.65	-12.5009	-11.3366	34.5584
90.7	-10.9788	-6.31796	36.2628
90.75	-8.24364	-2.37432	34.7547
90.8	-5.46579	-0.452212	31.871
90.85	-3.34687	0.0898831	28.8632
90.9	-1.99702	0.0308554	26.1055
90.95	-1.24827	-0.206176	23.6268
91	-0.895769	-0.473362	21.395
91.05	-0.789544	-0.756507	19.383
91.1	-0.846294	-1.09511	17.5739
91.15	-1.03686	-1.55399	15.9602
91.2	-1.37414	-2.22313	14.5487
91.25	-1.90907	-3.23146	13.3754
91.3	-2.73495	-4.76546	12.5408
91.35	-3.99558	-7.07389	12.289
91.4	-5.87856	-10.3907	13.1642
91.45	-8.52978	-14.5719	16.2087
91.5	-11.7357	-18.1378	22.7029
91.55	-14.3258	-17.5838	32.0405
91.6	-14.3403	-10.9777	39.1299
91.65	-11.2425	-2.92021	39.6362
91.7	-6.86194	1.6808	36.0444
91.75	-3.12968	3.08365	32.0386
91.8	-0.647466	3.16767	28.7241
91.85	0.821893	3.03584	26.0147
91.9	1.69538	3.09736	23.7278
91.95	2.3144	3.4717	21.7843
92	2.91253	4.20473	20.1872
92.05	3.64968	5.34967	19.0088
92.1	4.64748	6.97342	18.412
92.15	5.99941	9.09535	18.6937
92.2	7.73187	11.5203	20.2967
92.25	9.68721	13.5552	23.6242
92.3	11.3615	13.9139	28.3992
92.35	11.9567	11.6077	32.9525
92.4	10.9662	7.4972	35.1053
92.45	8.76693	3.76976	34.3854
92.5	6.29266	1.63175	32.0419
92.55	4.25926	0.854483	29.2843
92.6	2.89502	0.810152	26.6303
92.65	2.12594	1.07662	24.2041
92.7	1.79678	1.48341	22.0171
92.75	1.78206	2.01239	20.0681
92.8	2.01702	2.72368	18.3699
92.85	2.49667	3.7245	16.9649
92.9	3.26865	5.16082	15.9557
92.95	4.42525	7.20103	15.5632
93	6.0807	9.95232	16.2229
93.05	8.28911	13.188	18.6553
93.1	10.8245	15.7946	23.5781
93.15	12.8572	15.5668	30.4301
93.2	13.1088	11.2384	36.0809
93.25	11.083	5.24127	37.4368
93.3	7.80528	1.03097	35.2216
93.35	4.69856	-0.735748	31.8817
93.4	2.45296	-1.1102	28.6866
93.45	1.06707	-1.00948	25.8701
93.5	0.284143	-0.863678	23.3799
93.55	-0.151881	-0.813951	21.1533
93.6	-0.423768	-0.891187	19.1523
93.65	-0.648114	-1.10583	17.3553
93.7	-0.902534	-1.48524	15.7513
93.75	-1.25168	-2.09082	14.3433
93.8	-1.76869	-3.03206	13.1609
93.85	-2.55422	-4.48277	12.2918
93.9	-3.75333	-6.68858	11.9544
93.95	-5.55805	-9.90831	12.6475
94	-8.14147	-14.1023	15.368
94.05	-11.3757	-18.0218	21.49
94.1	-14.2207	-18.2385	30.8915
94.15	-14.6579	-12.0938	38.8261
94.2	-11.8053	-3.62624	40.1195
94.25	-7.35203	1.55359	36.6774
94.3	-3.40921	3.22983	32.56
94.35	-0.741973	3.3755	29.1519
94.4	0.844865	3.23159	26.3988
94.45	1.78101	3.2685	24.0956
94.5	2.42924	3.62333	22.1492
94.55	3.03865	4.34192	20.5582
94.6	3.77682	5.47011	19.3942
94.65	4.766	7.06232	18.8182
94.7	6.09406	9.12046	19.1173
94.75	7.77689	11.4331	20.705
94.8	9.64896	13.3205	23.9279
94.85	11.222	13.5856	28.4675
94.9	11.7549	11.3654	32.7395
94.95	10.7971	7.49166	34.7547
95	8.70848	3.96568	34.0842
95.05	6.35494	1.90843	31.856
95.1	4.40906	1.14028	29.1936
95.15	3.09756	1.09363	26.6049
95.2	2.36265	1.3749	24.2278
95.25	2.06554	1.82313	22.0867
95.3	2.09306	2.42472	20.1917
95.35	2.38981	3.24519	18.5693
95.4	2.95882	4.39778	17.2846
95.45	3.85392	6.02741	16.4796
95.5	5.16543	8.27084	16.4404
95.55	6.97797	11.1168	17.68
95.6	9.24711	14.0525	20.9006
95.65	11.5463	15.5997	26.4006
95.7	12.8829	13.8172	32.699
95.75	12.248	8.83493	36.5275
95.8	9.76365	3.68448	36.3142
95.85	6.64999	0.645455	33.6512
95.9	4.00602	-0.453639	30.4524
95.95	2.20445	-0.58986	27.4739
96	1.1375	-0.424366	24.8193
96.05	0.565589	-0.234609	22.4444
96.1	0.283218	-0.0947258	20.3053
96.15	0.155948	-0.00269587	18.3725
96.2	0.1082	0.062057	16.6243
96.25	0.102458	0.119832	15.0428
96.3	0.123301	0.188131	13.6121
96.35	0.168147	0.284683	12.3183
96.4	0.243296	0.43235	11.1496
96.45	0.363787	0.66568	10.0964
96.5	0.556472	1.04052	9.15407
96.55	0.866757	1.64923	8.32797
96.6	1.37048	2.64491	7.64845
96.65	2.19305	4.27689	7.21072
96.7	3.53607	6.92615	7.28023
96.75	5.69519	11.0577	8.54892
96.8	8.97913	16.7342	12.5995
96.85	13.2187	21.832	21.8255
96.9	16.5608	20.1271	35.4068
96.95	15.7563	9.04781	43.827
97	10.6893	-1.54839	41.8688
97.05	4.80097	-5.75405	36.4693
97.1	0.46777	-6.29577	32.2909
97.15	-2.11328	-5.88985	29.4968
97.2	-3.51705	-5.55477	27.4747
97.25	-4.30438	-5.54997	25.8987
97.3	-4.85639	-5.89738	24.6808
97.35	-5.39622	-6.55503	23.8481
97.4	-6.03717	-7.45574	23.4824
97.45	-6.8135	-8.48919	23.6882
97.5	-7.68638	-9.46342	24.5434
97.55	-8.53565	-10.0906	26.009
97.6	-9.16671	-10.0651	27.8199
97.65	-9.37196	-9.25865	29.4764
97.7	-9.04656	-7.88776	30.4532
97.75	-8.27354	-6.4213	30.5046
97.8	-7.28653	-5.27798	29.7535
97.85	-6.34241	-4.63341	28.5112
97.9	-5.61979	-4.46334	27.0762
97.95	-5.19899	-4.67505	25.6622
98	-5.09397	-5.19177	24.4172
98.05	-5.29046	-5.97096	23.4636
98.1	-5.76689	-6.98272	22.9286
98.15	-6.49356	-8.16604	22.9549
98.2	-7.41143	-9.3709	23.6797
98.25	-8.39728	-10.3107	25.1528
98.3	-9.23843	-10.5984	27.1911
98.35	-9.66692	-9.95323	29.2803
98.4	-9.4866	-8.487	30.7352
98.45	-8.71784	-6.72839	31.1147
98.5	-7.60595	-5.25772	30.4682
98.55	-6.47173	-4.36318	29.1601
98.6	-5.556	-4.03706	27.5691
98.65	-4.97121	-4.15529	25.9569
98.7	-4.73746	-4.61024	24.4875
98.75	-4.836	-5.34859	23.2818
98.8	-5.24339	-6.35369	22.4619
98.85	-5.93926	-7.60236	22.1767
98.9	-6.8896	-9.00101	22.6032
98.95	-8.00758	-10.3067	23.8923
99	-9.10404	-11.0885	26.017
99.05	-9.87526	-10.8668	28.5643
99.1	-10.0057	-9.49539	30.7246
99.15	-9.37712	-7.44432	31.7346
99.2	-8.18868	-5.50286	31.4123
99.25	-6.8295	-4.19458	30.1336
99.3	-5.64392	-3.59447	28.4011
99.35	-4.81228	-3.54573	26.5705
99.4	-4.37559	-3.88451	24.8418
99.45	-4.30949	-4.52322	23.3366
99.5	-4.58046	-5.44347	22.1616
99.55	-5.16887	-6.65657	21.4494
99.6	-6.06367	-8.14584	21.3834
99.65	-7.23052	-9.77967	22.1908
99.7	-8.55221	-11.2023	24.0484
99.75	-9.76119	-11.808	26.838
99.8	-10.449	-11.0306	29.864
99.85	-10.2628	-8.93679	32.0091
99.9	-9.19726	-6.39881	32.527
99.95	-7.63964	-4.37875	31.5694
100	-6.08772	-3.25008	29.7856
